Sample_sample2
0 350
35.571224
8.464201
8.188931
2.551928
27.362216
19.192009
18.314324
23.913275
4.655225
14.302145
21.715868
20.913626
1.939451
13.567273
30.071237
23.302732
25.976737
11.705878
12.445354
24.388873
15.175578
18.378238
13.205317
14.508304
14.411011
14.477654
16.015724
16.747276
23.366601
19.909054
22.364770
21.871005
28.329100
20.232687
23.683469
5.864876
11.275460
-2.435332
3.882450
15.279636
8.213032
17.313516
12.529835
21.759069
25.908525
14.536635
10.934616
18.718799
16.344677
16.769035
14.766283
17.679735
7.556741
10.807161
24.350902
7.798780
23.005122
16.225885
7.576909
5.789138
10.309827
21.347523
29.571151
12.251223
14.026545
15.010323
9.328846
-5.439802
19.531921
12.615714
21.365315
23.413372
27.165856
7.474750
14.664487
22.126073
25.975327
28.236672
13.126737
26.897669
13.495355
25.912686
6.690788
16.528633
5.658580
9.025211
8.067843
12.653470
25.244730
13.596627
12.376528
12.663690
14.318254
5.197762
17.419722
12.367820
22.716517
-7.261884
10.303006
23.779784
16.116518
13.919657
12.574764
1.206626
15.539956
22.999847
17.470165
18.017522
14.814486
19.804042
23.708025
8.058111
17.169963
5.729339
30.922342
20.528887
21.868095
9.005088
29.039142
9.252300
21.043513
9.515633
6.949471
19.415244
5.261858
10.760334
15.038631
10.416306
1.535795
14.212400
20.717038
5.449442
4.276830
25.125223
2.975616
3.985451
7.151970
9.664404
15.566774
-1.875674
8.111555
14.542763
19.637286
20.972038
17.322167
24.807195
26.897669
-3.596893
15.057753
27.799364
27.980195
7.003313
19.878871
8.679580
19.886635
-1.678769
25.770873
33.473293
9.555606
24.524047
14.995021
7.665289
28.312365
13.296198
26.321390
2.014462
5.190327
11.483757
42.198621
6.463937
6.044524
26.203110
1.832813
11.876613
3.669902
2.716228
-3.008996
10.723488
15.484044
13.290764
4.360731
8.560505
11.005965
5.233550
32.751745
1.980629
24.634186
1.050443
2.664023
-4.569325
12.950499
33.884748
1.092826
22.964081
10.973633
8.227470
12.119903
15.493992
12.139025
4.007893
21.215214
24.569908
24.681753
34.830259
14.616261
14.396448
3.781110
17.020602
35.305743
27.007058
19.883191
26.472230
14.311353
-0.996193
21.647974
26.011730
21.083042
5.301126
34.018444
27.127475
20.223910
-8.629946
31.015474
14.722661
22.350741
3.453601
25.432700
40.078771
3.324498
6.606228
14.966724
11.499207
17.613183
33.150149
0.525483
26.167367
24.905420
9.126415
10.527332
9.405039
30.737578
14.011175
10.798805
2.443289
32.379625
17.785339
2.067622
18.699131
0.079467
19.224603
19.516664
16.325384
8.237088
23.400298
-3.723404
15.697082
0.956765
15.689420
17.304876
19.119454
22.609799
7.008566
29.084389
3.510035
-0.563182
14.727254
26.475186
20.069342
33.912124
19.762876
3.288118
12.673910
14.680563
13.466717
19.410185
17.447302
18.578975
0.909426
11.380211
29.811985
14.615500
3.428226
15.796035
4.090088
17.337094
33.448100
-0.809246
5.685751
23.081247
31.455488
19.255571
16.753494
18.573268
8.133838
0.516752
15.649538
27.228634
1.930470
7.519338
18.934451
22.693870
8.705728
16.930903
26.928773
13.182761
10.781252
14.509828
14.717306
31.578178
16.811009
-2.266484
25.457779
17.545949
23.069583
6.965331
35.245898
15.088357
4.879893
7.441190
3.413265
22.194285
13.660724
14.888689
25.432700
19.583694
3.102331
17.303307
5.718766
30.698151
1.832813
10.490111
5.678680
15.643411
8.062011
7.044309
22.592439
7.698281
7.002245
10.426504
18.681112
21.454559
3.074342
20.009406
21.257949
-0.766682
30.152727
36.423330
7.655273
11.133238
10.827193
