Sample_sample4
0 350
14.408856
12.346416
20.505844
16.898556
15.366527
17.645039
23.275094
14.838557
19.564653
13.943754
6.897031
18.953063
21.851100
22.034822
18.749199
22.920469
12.840205
19.198431
22.567675
21.695456
15.066836
9.880520
19.583575
22.522507
24.161962
22.362590
13.888211
10.029450
13.755150
10.804010
20.528428
14.178137
19.665365
15.160833
7.467727
16.048311
24.512314
12.661977
8.848384
5.054933
8.367412
12.292093
20.449690
9.668111
14.563280
24.341411
17.043214
17.883084
15.754723
13.413343
15.884732
9.619282
8.895993
13.176519
9.130375
8.887448
19.177679
17.554094
24.331034
7.614216
12.776727
23.868984
6.099277
12.721183
12.995849
24.059420
19.289377
9.180425
7.412793
22.250282
15.060121
18.648488
6.208533
17.797021
13.067263
21.556902
11.902066
5.288095
23.082217
23.098086
20.483871
19.258248
23.100528
6.627857
10.951720
14.488815
9.335459
10.454268
10.987732
20.194555
18.077792
20.894040
8.843501
20.177465
24.880367
14.254433
22.683035
10.652028
20.930052
10.442671
22.631153
19.067812
7.136906
9.051027
14.807428
23.679769
5.065310
24.509873
21.790063
10.620289
18.484298
24.033784
9.563738
11.153142
7.689901
24.713126
6.444136
21.004517
10.688650
8.648793
16.528672
13.444472
13.639180
21.135136
22.425459
18.390301
6.684011
15.741905
19.485305
11.331980
17.280038
17.507706
13.514054
23.580279
24.029511
13.178350
11.156194
11.783654
12.298807
11.952116
24.860836
24.760735
17.578509
18.118076
9.061403
22.675710
24.390240
11.380810
11.388134
21.354259
7.533647
12.633290
17.408826
11.033509
7.299265
15.184027
13.293710
11.869716
14.732963
17.427137
8.583483
5.237434
24.481796
6.316568
21.816309
16.957762
19.980316
19.857021
10.205237
21.100345
23.286691
17.782983
16.420637
16.861934
5.773949
12.523423
9.550310
17.992950
18.104648
5.453505
9.702292
8.215430
18.875546
8.275857
21.086917
24.259621
23.836634
22.161168
15.417188
18.400678
9.279305
18.068636
19.830775
17.709128
5.737938
10.514084
21.905423
17.414319
11.063417
11.985687
7.255318
19.886319
13.816797
5.792261
21.862697
18.014313
19.470046
8.994873
20.904416
7.291330
15.821253
15.519730
13.221076
10.208899
12.309183
15.516068
15.123600
8.062838
19.882656
23.386181
7.038026
24.288919
6.380657
24.989013
8.734855
19.982147
23.581500
10.500656
6.789605
5.476699
10.351726
5.881375
6.095004
5.204474
8.640248
21.748558
23.791467
24.421979
22.828913
12.811518
11.026185
13.179571
20.568102
22.057405
7.518998
18.289590
18.220008
14.992981
10.951109
23.228095
11.162297
10.309610
20.748161
5.056764
19.973601
10.780816
15.171209
21.543474
23.168889
24.714957
24.984130
23.566851
5.065920
23.735923
19.830164
12.981201
10.880917
7.100894
24.935911
15.075991
11.737877
21.089969
6.149327
5.758690
10.553148
5.131230
15.783410
13.833277
24.636219
22.659841
17.323374
18.766900
13.507950
6.934263
12.276223
13.225349
13.409680
21.058840
21.749779
23.273263
23.050478
7.871792
12.804804
16.377911
20.704825
10.852840
24.182104
22.816706
5.535295
15.802332
21.300546
8.859371
6.899472
19.582354
8.911252
15.088809
19.866787
15.888394
20.873287
12.430647
11.176336
19.938200
5.537736
17.114628
9.423353
9.636982
10.802789
5.610370
17.347179
14.148228
5.444349
19.502396
20.203101
14.798883
19.123356
14.844050
18.812677
24.131443
14.541917
6.280557
23.740806
7.536699
22.925352
11.659139
17.190313
14.872127
14.634083
23.272652
23.510086
13.982208
13.445692
6.988586
6.488693
20.274514
17.676778
21.163213
12.362896
7.392651
10.063021
11.682333
