Sample_sample3
0 350
18.175637
11.518727
22.342715
27.853343
19.330229
17.676552
25.879444
13.800308
11.627434
18.467471
26.354859
27.108330
20.040647
18.520313
9.198083
20.267805
7.711264
27.049622
-15.016236
14.916997
20.599441
11.486190
27.860346
26.751445
20.238826
20.133813
28.220165
4.394360
20.332072
7.120706
20.121592
29.582201
9.518294
8.872711
20.154766
32.229195
13.581950
9.341420
21.771575
6.727464
19.050435
20.798302
14.996555
24.552991
10.198527
10.768701
-0.998921
6.074196
15.288821
16.329238
18.913794
23.324344
23.749453
29.925172
6.858181
15.259740
-1.160539
38.692701
20.008542
13.096371
19.522599
1.068656
3.762420
19.355445
20.003335
18.981609
19.091987
19.092817
28.943463
9.972370
36.593405
19.268975
-0.403384
-2.488037
20.974789
16.961303
28.078511
10.148687
-4.616255
15.069235
26.955308
26.769794
20.657694
9.291056
21.664209
8.783865
36.251981
23.291931
-2.509274
9.591940
29.439729
18.039952
12.381281
16.452054
27.121086
25.249892
16.866249
21.095024
13.055853
14.636168
6.913455
34.461459
15.885859
-0.586329
15.505486
12.697478
19.952244
4.083153
6.983282
14.842021
23.617849
4.661751
8.765300
26.168777
21.193875
16.245166
17.090144
1.973489
1.564148
39.722067
31.569129
4.835123
14.507531
-0.311343
15.117427
4.793992
-2.634648
6.899654
24.164182
4.000889
23.473467
18.394439
12.382861
27.124292
15.585169
19.588787
14.058059
-12.989154
18.639389
15.063869
24.611085
21.592734
-0.819933
6.327672
9.117320
33.498667
18.153923
34.748950
15.183991
40.132249
4.374192
18.141861
12.211478
13.851149
15.657212
0.406703
14.579518
18.512173
16.209708
41.039197
17.296235
7.587982
-8.399116
14.057286
15.570606
5.483184
14.031934
12.197165
2.143156
19.946196
19.762023
17.849811
18.003925
16.888827
14.147155
30.009618
11.437327
37.013592
16.414958
15.032514
9.705809
15.857449
9.470227
16.982357
6.668074
24.012729
20.204629
3.719173
19.438016
6.120808
9.812003
22.214112
16.069566
21.057292
28.809222
14.123361
13.249609
25.318695
32.235971
24.691530
2.331421
6.663753
2.869342
19.284902
4.441221
7.105052
19.900426
23.434108
15.817533
8.246706
38.025859
2.329716
14.911643
3.669902
16.482988
14.452382
2.518640
26.492943
16.506965
8.343431
23.230586
10.530720
6.169489
6.499112
13.883482
12.660541
16.585931
7.703283
30.064097
8.427218
12.275040
22.055246
12.282191
14.369618
17.133163
28.183580
0.123577
29.169473
9.589280
11.376948
20.011134
3.481841
14.147929
9.958478
26.224620
10.082317
6.890104
21.447021
12.610985
8.685196
24.430551
2.316050
37.940003
33.368974
22.941003
17.899242
7.872949
20.758534
15.872808
11.387567
38.214125
2.918682
6.001027
22.588358
17.845036
11.827592
35.088100
14.965189
21.902042
4.278194
8.240931
14.917759
16.925446
20.431980
12.888744
32.386583
12.665259
14.470003
16.720878
-2.905404
17.159004
8.506765
-4.507388
14.167881
23.463621
-3.075207
12.611769
41.959606
26.657380
16.438138
0.337581
25.694657
-2.212369
2.986644
37.476524
11.901511
13.552585
17.744810
15.163334
1.941248
20.333834
18.238449
-3.234186
29.332045
26.155953
5.090828
12.478540
34.527943
26.999191
3.950321
2.026922
18.892330
43.528302
1.985995
3.821219
5.994161
18.382286
9.717245
18.898936
-0.481510
17.096397
9.764676
10.567043
21.855521
5.785636
22.089625
10.503663
11.031636
16.487626
30.706019
17.156651
24.146743
16.726312
21.056371
11.017561
34.461459
20.761240
3.054060
16.640183
11.715565
10.032181
23.284383
21.935079
3.383274
7.474750
42.838541
5.402262
27.386909
18.627133
7.182120
