Sample_sample1
0 350
17.126126
11.382667
8.841300
28.194540
10.210544
3.579316
14.664487
20.196750
-6.632877
12.052055
21.844880
45.621595
20.710740
19.685046
27.607370
18.590401
27.580313
13.522424
29.268244
6.766185
4.142657
8.484084
10.254257
5.028141
6.503500
38.225584
4.673483
12.431917
7.524408
3.079003
23.478946
-3.912124
20.846346
18.328068
24.814630
12.507734
11.942415
9.742734
16.100352
24.273003
7.759069
25.246004
12.579494
16.528633
35.811967
9.356665
13.962733
28.611475
16.630110
-0.150317
1.482590
15.981140
7.697281
12.852751
17.728132
28.863018
13.297756
12.214661
16.799344
23.820348
20.071945
20.694540
14.622389
16.058800
1.162902
29.407260
0.725390
25.639269
-1.254444
12.691202
13.111957
31.828199
21.112532
30.473915
-9.787732
19.434651
17.277397
24.561427
15.043985
5.757533
-3.154151
29.289481
-7.004861
13.573458
21.697678
17.031538
35.192783
23.187737
2.473507
25.411645
19.690173
1.883608
27.169085
32.396997
17.527781
22.944141
3.922104
26.616726
17.315869
20.544939
-10.775807
-1.584227
3.208765
12.882480
20.426659
9.253199
25.658141
15.781461
10.685732
11.054805
31.533022
8.415827
18.057585
23.552593
22.975655
17.636148
6.176264
10.619305
10.152984
7.101925
29.461443
-6.340566
17.274248
11.265626
11.040742
11.010115
-0.291607
17.923184
4.274124
17.096397
5.396191
12.186023
-3.816991
12.720261
12.382065
12.383657
18.456091
24.538508
5.184142
-0.102296
20.735069
25.501503
20.667562
4.094249
10.207963
9.843483
7.265964
12.073621
24.668315
13.114288
10.450275
9.805876
-1.955619
3.995273
16.124215
3.906529
14.370380
4.443904
25.134158
9.312657
12.021678
8.986762
31.183185
11.354063
19.002322
22.524238
10.343114
5.841638
6.769414
22.341714
14.891747
18.049570
-1.062495
25.242138
21.760024
11.879831
12.040072
7.828498
2.688534
5.006745
18.215087
23.514075
11.330348
-1.405329
8.895767
10.524809
17.132379
7.838389
24.620817
15.311775
31.920330
16.833564
36.179312
23.816960
21.686196
15.412058
21.366258
11.114275
21.850678
25.074245
13.443491
14.760917
9.549387
7.753101
21.703408
-8.446773
25.439294
10.826363
8.982169
21.599385
9.181780
16.186595
14.652243
14.954480
10.313249
19.421145
17.573620
20.295942
7.328753
6.133291
11.327074
8.295626
14.246927
19.086996
18.433365
13.776423
8.631877
20.225661
5.062042
5.943547
21.252367
19.052924
18.979130
-2.844923
34.237632
23.325424
11.341796
21.154073
11.904717
10.058124
7.521361
17.097966
7.130097
10.551002
5.815991
17.884894
15.575199
10.719293
12.678628
23.349252
15.644172
2.470164
10.054668
24.260066
33.075207
14.141778
16.167336
18.498349
17.994318
9.471113
6.682148
13.083126
16.520129
22.937865
16.645617
0.315117
15.230659
21.502682
22.987228
16.397188
8.239976
7.013841
7.582957
16.748833
9.901941
15.783757
5.836977
10.087489
-3.571063
20.928223
17.875322
29.925172
16.800117
9.777841
8.820938
23.820348
23.557004
4.138519
7.760058
9.244172
4.721596
37.929453
12.816724
36.310916
24.963060
34.985600
10.241410
22.136919
30.573460
15.793739
7.637231
11.171130
7.000153
-0.698151
38.692701
-1.913918
23.424286
10.907183
20.131187
16.615376
23.491008
14.033469
1.355624
29.188254
26.165935
11.250858
42.421629
19.727781
12.590521
-5.269727
4.874777
4.188063
0.847217
4.014873
8.573670
16.752710
22.042502
14.908584
23.169559
39.887777
2.118645
-7.486165
29.555690
17.825925
27.074975
7.394282
9.094571
21.312007
19.392484
31.569129
9.491600
18.476407
37.372660
12.710052
7.381004
28.597946
16.530179
13.914268
14.255363
14.377280
